,principal component 1,principal component 2,Sample Type
0,-2.249009044800896,-0.41722899392140517,Control
1,-1.5700898927527416,-2.8448545785112174,Control
2,-2.620432819489027,-2.3152874755803516,Control
3,-1.0647287515513555,-1.4848431046697566,Control
4,-0.765927754357743,-1.8391250186409769,Control
5,-2.355773545314499,-0.6020709034589085,Control
6,-1.7605917067497259,-3.730822104355402,Control
7,-2.45506180515344,-1.088286590831989,Control
8,-1.669908150451793,-3.3003895567782813,Control
9,-2.242980803357324,-0.938909581899232,Control
10,-2.8369635698875393,-2.763397025399961,Control
11,-0.6188811702345721,-3.7419031064634445,Control
12,-2.206215792379495,-1.4957233794394555,Control
13,-1.7270233577471614,-2.555155282226908,Control
14,-2.058002883571476,-0.5282804879839031,Control
15,-1.4416162088954578,-3.988987512296344,Control
16,-1.4305780210367551,-1.4580027388978327,Control
17,-2.8492377182837356,-1.0234851175681234,Control
18,-3.1773351974204056,-1.0442666903618698,Control
19,-1.4031849907322516,-2.1975977383918504,Control
20,-0.4296867608266403,-0.07049278485619392,Control
21,-2.030012192169122,-0.5966843220215243,Control
22,-3.360161189764647,-1.1971796187758819,Control
23,-1.6984480979109453,-1.2219288832700406,Control
24,-2.923056429477248,-0.6094734035521858,Control
25,-2.123473177825557,-2.7010089655335467,Control
26,-1.3181489990674393,-1.534727538163334,Control
27,-1.942357217188074,-0.47088173992585247,Control
28,-2.4646725279169956,-0.320170545825974,Control
29,-2.8194287873105788,-0.37484559930178574,Control
30,0.08731431121457711,-1.8786369196097024,HI
31,-0.8908515682534827,-0.24139228709110874,HI
32,-0.8667123640879586,-0.8233066522548126,HI
33,-1.1038692540054826,-1.4235894630397299,HI
34,-1.579434399092214,-0.5827798007494728,HI
35,-0.9137021932206283,-0.1688290715630588,HI
36,-0.016758654791394385,-0.5760290231879702,HI
37,-0.34278376567074703,-1.4290421162906053,HI
38,-0.5945751112301687,-0.23380970936146908,HI
39,0.8998044757192337,-0.5486176356135009,KP 
40,-1.7777644392099448,-0.4920638904386154,KP 
41,-1.7900497626058542,1.0418403792008912,KP 
42,-0.9130704951071081,0.8615737486578541,KP 
43,-2.1771538860675186,0.9491004879551327,KP 
44,-2.020298880100695,0.4251282431689681,KP 
45,-1.5579142437266684,-0.3276048438106539,KP 
46,-2.185772555257215,0.19629481104950175,KP 
47,-1.7271808511087525,-0.3679355371694328,KP 
48,-0.8371234030666673,0.007280500534315696,KP 
49,4.3804106841483295,0.7786456414537368,PA01
50,3.9671938942525213,-0.11467754915495867,PA01
51,3.924972426082885,1.1005704953518307,PA01
52,4.104084709092173,0.20949260896674793,PA01
53,3.5669711895434446,-0.2305236759720735,PA01
54,4.424920363146739,-0.06770299316115609,PA01
55,4.535224936924416,-0.6992454588275376,PA01
56,4.714619463890986,1.7953657791019293,PA01
57,6.0154965964987674,-1.2439081505332625,PA14
58,5.840495893370049,-1.228232995029486,PA14
59,5.343889747321898,-1.6957758379657284,PA14
60,4.9521342423200085,-0.6308107133043904,PA14
61,3.184158088489963,0.5132574429925173,PR8
62,1.5524527327785684,-0.06577207565588859,PR8
63,2.8171202053115163,0.18751243303088555,PR8
64,2.4043209690872853,1.0282067422462375,PR8
65,1.3672778353719155,0.3247920771065219,PR8
66,2.9942517436448437,-0.6641852374167685,PR8
67,2.0300352173281024,-0.6384721929515312,PR8
68,1.5459170317692155,1.3636276519335186,PR8
69,0.8324986146523001,-2.1075330715059395,PR8
70,-1.3266397534340406,0.8647131371846667,PVM
71,-0.17072800751394632,3.75195911310352,PVM
72,-1.0564725237704686,4.775672845021897,PVM
73,-1.2926615070637502,6.099638228948478,PVM
74,-0.29869160876960077,2.3827862237713284,PVM
75,-1.5486100098499171,5.019054443179383,PVM
76,2.2864632803470135,-0.6073235001082757,PVM
77,0.11792735251854873,4.04706151270113,PVM
78,-0.23595710207344794,1.6943739408289868,PVM
79,3.1182406261005697,2.007838723813493,PVM
80,3.099692065903716,0.3967385848256251,SA
81,4.486194892851741,-0.18500263341861642,SA
82,2.9686599482935656,0.009691716583098399,SA
83,3.698342256089476,0.14328502657315684,SA
84,3.555692237944792,-0.7814337732915869,SA
85,1.5293136263844913,-0.9122343092105162,SA
86,1.4751304097055544,0.7740058228106143,SA
87,3.055724604606045,0.05051969165873952,SA
88,1.8149124744271483,-0.5821809026548475,SA
89,0.31110632312117364,0.30029157338752105,SA
90,-1.5878225497328926,3.1845199835640052,SP
91,-1.6036274284396717,2.746569145689318,SP
92,-2.8419626335179626,1.9816266373659754,SP
93,-2.35332886800702,1.9437037123804528,SP
94,-1.1178310194218075,1.0271632235844281,SP
95,-1.5633819848675343,2.99660683612281,SP
96,-2.3101745281092563,2.8856991806681265,SP
97,-2.691178224941117,2.285462687049944,SP
98,-1.9482788514276503,3.787933042717698,SP
99,-2.1476144790863327,4.065058332961246,SP
