Sample Type,Sample ID,1UR3_01,2UR3_02,3UR3_03,4UR3_04,5UR3_05,6UR3_06,7UR3_07,8UR3_08,1UR3_09,9UR3_10,1UR3_11,2UR3_12,2UR3_13,3UR3_14,3UR3_15,4UR3_16,4UR3_17,5UR3_18,5UR3_19,6UR3_20
Control,CI1,0.000728328546076897,0.0006346874941437195,0.0035423947516991096,0.0020665580593791175,0.0007335618416925366,0.0003395744290130887,0.0022486558905006797,0.0030716397108112915,0.002515260768874839,0.0006896984536209246,0.002122193339785683,0.005280968103577559,0.0033519007307275064,0.0006924319484418523,0.0008523100214024516,0.0003136251178545346,0.0005077380089408248,0.0007869099021212593,0.0009663121416715851,0.0007591843191171332
Control,CI10,0.00044769632395059885,0.00031769798062497367,0.001591708422513952,0.0011205390697331705,0.00047717603187055323,0.00025958867219299066,0.001256518771899753,0.0016693641624696129,0.0012656042110731833,0.0003677454851310245,0.001545142230110984,0.001807208251947499,0.0020272816899333723,0.0005431049749177026,0.0007471947541164257,0.0002623592379019938,0.0004623603076300656,0.0005265332675807263,0.0004831388905159663,0.00042214447892094365
Control,CI2,0.00022227501552666288,0.00014918946030499435,0.0009112015576712796,0.0005449644242318687,0.0002746664107958511,0.00013140453206339113,0.0003943156701934438,0.0006971932437197681,0.0006182905658544685,0.0001578122463778809,0.0008446258634472569,0.0010283543647155043,0.0008101910219230728,0.00028781336321252016,0.00026932521686406555,0.0001198062657126613,0.00017968894003796834,0.00017340815356923107,0.000281619802594487,0.00023543830506968314
Control,CI3,0.0002958235504929598,0.00018129139993557268,0.0012983875442936308,0.0005113444236534728,0.00025003816717078503,0.00013729440048193908,0.0003853547035110564,0.0008372056423475139,0.0007325537791790022,0.00015047806561729033,0.00063209629680594,0.001554146600901074,0.0011547856291616566,0.00022892573032342087,0.0003754320255891315,0.00015398760427054708,0.00019257029684000476,0.0002445882201990861,0.0004112362202213012,0.00041594030969834835
Control,CI4,0.00018417291341590996,0.0001171433854641544,0.0006362073344783784,0.0003952706059592806,0.00024090548995364848,0.00010500985937099342,0.0006210664705384198,0.0006426065725328102,0.00046985173049019077,8.980638465468042e-05,0.00045339494027782606,0.0006471341310200391,0.0008117216578408793,0.0001895171278466187,0.00024435262229758204,0.00016189257500193334,0.00012199226519856834,0.00019915169298615626,0.00016250965584504597,0.00016293686372251755
Control,CI5,0.0004999454912632534,0.00039155123265912495,0.0028865627926963357,0.0015890456755508562,0.0007542463137424786,0.00022959737262599677,0.001348736728550355,0.0020093511847298347,0.0017683312985964953,0.0004498048668745183,0.0020530793767532278,0.002593625994199363,0.002550931910165011,0.0005924852594724544,0.0006854638778188202,0.0003733781175458118,0.0004232201424732804,0.0006120567489271134,0.0005259926718053205,0.0006851135674394065
Control,CI6,0.00012149461785864657,8.352801789339059e-05,0.0004727171194489975,0.00020412311493428346,9.846723488148052e-05,9.970673830060502e-05,0.00031923384634275877,0.0003079615906625692,0.0003360893938014136,0.00010318357902399709,0.0003480920617813112,0.0005616514103047846,0.00038190085884029333,0.00014849485067670436,0.000168858913331144,9.047821151078944e-05,9.1850232416114e-05,0.00011086938966085345,9.626234259441507e-05,0.00012019664467532832
Control,CI7,0.0002854124267856743,0.00022445964655160112,0.0016413953691280284,0.000876051928175946,0.00047202778366745956,0.00016968643729025747,0.0007453413032445565,0.0013107771877850529,0.0011106397920002944,0.00025605952649475,0.0011217719373592895,0.0015445644240798797,0.001543197688442274,0.0003178203567223297,0.0003797128721612748,0.00017096184374801996,0.0003133308785196533,0.0003201955197222977,0.00034572462890205993,0.00032686194060219554
Control,CI8,0.00020031398112638367,0.00013534007106712263,0.0005493883462027852,0.00029702575493481596,0.0002713121720850497,0.00011380211161860527,0.00048109456148849193,0.0006278271508767147,0.0004741067021723111,0.00014853253143948098,0.0005678469287810809,0.000985547505934036,0.0007340046987163915,0.00020852262978771763,0.00036745219508571873,0.00010505032034740693,9.638351203436055e-05,0.00017358852231673817,0.00017447120087242068,0.0001870019418736501
Control,CI9,0.00017288856964843712,0.0001532777471903947,0.0011525294863270546,0.0005871248944736624,0.0002983087115271361,0.0001060400264708155,0.00040547782520510234,0.0008214275205432286,0.000665265065086269,0.00014874772596479172,0.0006965218916688103,0.001243878141298343,0.000957918980034126,0.00022888895141303652,0.00031462737961781477,0.0001348686052923105,0.0001685524682210684,0.00022493212601052616,0.0002533591870870938,0.0003408361097541545
Control,CII1,0.00032848378119769965,0.0002083705871069449,0.001441757546445226,0.0009131293464732486,0.00035251524196563267,0.00015455641788504458,0.0008100325714334135,0.0014265660808050304,0.0010011992033645038,0.0003631166069743404,0.001010822457261504,0.0018785821269938757,0.0011994523682176456,0.0003390463853778822,0.0006192265347413855,0.00017433218010636295,0.00030562430316863413,0.0003109393235434096,0.0003013589794679817,0.0002963108437012494
Control,CII10,0.00022876115009743607,0.0003206181855431168,0.001041875058197918,0.0005889036681552804,0.0002618034135579142,6.646817287547633e-05,0.0003781357525387158,0.0009862197476800834,0.0004967206394703304,0.00024647239080590616,0.0006911983726038933,0.0011682832567155416,0.0008187222779163641,0.0002528963851664034,0.0003318101396452526,0.00032323976830224394,0.000200405172557578,0.0002544880048633973,0.00021954831766872197,0.0002370076154002443
Control,CII2,9.548256256059092e-05,9.167919857794655e-05,0.0005426861037093136,0.00025780438425304674,0.00022044463381775995,0.0,0.00022258984434190226,0.0004204125462745033,0.0004213489347020985,9.663990876454804e-05,0.00030645847130120245,0.0007198082710730385,0.0006048938796683136,0.00014051382712330628,0.00016970202042302247,7.79834554477688e-05,8.589709540800159e-05,0.00010645855392636116,0.00011487368200165844,0.00013311300819427048
Control,CII3,0.0003902663510231214,0.000300273244843845,0.0015966103644583724,0.0008203327260961238,0.0006550116697014057,0.00016802025398098003,0.0006890666218286973,0.0013427154844704475,0.0012348199518678771,0.000242691115575446,0.001085652778351943,0.001811133305642864,0.0016048885536311074,0.00040869644691819397,0.0006114010759590209,0.00024157958228173735,0.000306051971057148,0.00038610799906700166,0.0004404265942134177,0.00039050425977284534
Control,CII4,0.0007432678109210302,0.000619687798098962,0.003765224086510982,0.0020474156273749505,0.0008114411659415074,0.0002628717699502497,0.0021434272540156664,0.00270970809603313,0.0025139216899874215,0.0005722022428012601,0.002304298077122886,0.003492511807789005,0.0031475200507307447,0.0006945927094269313,0.000929953059715791,0.000462747182000492,0.0005266815580625447,0.0009248694478707674,0.0006502973387846287,0.0007696858237238594
Control,CII5,0.00012283145475491282,9.121196579104366e-05,0.0004937543393480229,0.00036841230136266435,0.00015576881285767112,0.0001397757594962931,0.00022805257838916855,0.0005414831555144369,0.00023312101978814127,8.778179942675692e-05,0.0002945264458108715,0.00046210836127164566,0.0004249649885027171,0.00017383551993150297,0.00015050649064807207,6.081312367308326e-05,0.00010870890058132897,0.00012605725805889614,0.00010625118266289865,0.00010007398028145913
Control,CII6,0.0004954128489920745,0.00059029784007932,0.0028435443750823033,0.0012419609884303732,0.0007189200815019021,0.0002511771338735739,0.0015110802850070249,0.0017214708399999922,0.0017175481873117136,0.00037748193947008396,0.001567075128658442,0.003561974099206242,0.002387873601717306,0.0006385370526374248,0.000719971894846971,0.00041832614879753143,0.00046510165879543925,0.0005411185403905065,0.0006657960084821463,0.0006946616551269004
Control,CII7,0.000805117897761415,0.0006877844374814345,0.004569324618260429,0.0025830208748515507,0.0008653808819370993,0.0003778585737336504,0.001556642516553765,0.0030238495627804697,0.0024645601370867454,0.0006373600708578479,0.0033401594309517917,0.004607583659802545,0.0033389215139323137,0.000954814993805512,0.001288781219231415,0.0003579756803881843,0.0007397585301567873,0.000755437605326125,0.0011636938043360458,0.0010145539092720804
Control,CII8,0.00018738672332814594,0.00015446106500939877,0.001063539349074703,0.0006013668638847629,0.00028437337433771576,8.035303378612165e-05,0.00035681972878235524,0.000818102988506302,0.0006844779360796517,0.00013501041014495505,0.0007174268003278701,0.0011343696283711616,0.0008169613268761291,0.00025119076319733046,0.00023507844428691932,0.00010634330393215305,0.0001551236965217343,0.00019133844678732514,0.0002375290382776313,0.0002054335091042095
Control,CII9,0.0012090406903443739,0.0008285967186342949,0.005079767136855275,0.0028638845271957715,0.0016837160248652765,0.000605505347351071,0.0021607243339192284,0.0037793963869709717,0.003068174204265714,0.0008479059552493763,0.003483512620888858,0.00527735841266365,0.004318725228828871,0.0011552163804439913,0.0016550904698439891,0.0007250083737538795,0.0009607815716196168,0.0012025881275551384,0.0013635110299876623,0.0015018299863470003
Control,CIII1,0.0004487270837123664,0.00035543718540188043,0.001537369013806822,0.0007970496387999781,0.0005657889199940884,0.00018279643338234094,0.0021207479136166607,0.0010247333788981898,0.001188340329616209,0.0003206442344380103,0.0017030341341839608,0.002061240250013791,0.0025516516449226,0.0004870401234006002,0.000564858002063,0.00032377902211957885,0.0002734166344846581,0.0005111568318557444,0.0005743077735853756,0.0004738099329967122
Control,CIII10,0.00020914970781786722,0.00019147910613695539,0.0010381058896326762,0.0005544178406523883,0.00027806638912543613,0.00013154785965988812,0.0005302165642688057,0.0009151645780763334,0.0007035258480796567,0.000124957751605439,0.0007883948165519003,0.0011169858615102297,0.001140366942851285,0.00018194986703504425,0.000260573527755412,8.889108948022428e-05,0.0002048785786714326,0.00022016055278101964,0.000243782674694444,0.00022743169072240787
Control,CIII2,0.0008678749631694684,0.0004268450832306649,0.005207942467518904,0.0019489204522396618,0.0006779246776220845,0.0005261690437025997,0.0011158131334067349,0.002878300745881552,0.0029050491667557366,0.0005433661764096207,0.0025445319712565214,0.005049103683180146,0.0037771320210905316,0.0008731083457048393,0.00125082655666217,0.00034714464490932757,0.0006062940738488356,0.0008189356030280633,0.0007995821907915346,0.0006191207623967077
Control,CIII3,0.0004394547469907892,0.0005009598840531368,0.0024570731145206245,0.0013208101383503077,0.000716338334130558,0.00034708569086700885,0.0018061767995412822,0.002219151945390808,0.001718998856106416,0.00041261573952081716,0.0019264603936422942,0.0034636342804777393,0.003040030063800648,0.0006489362895485923,0.0009673882020699705,0.00037791887980314303,0.0004141364765212468,0.000677600292197371,0.0006396859647742,0.000641785291971231
Control,CIII4,0.00046814947835003906,0.0004016881526880182,0.0025911786486782257,0.001880252131156405,0.0007270668158252576,0.0003188098434705882,0.001238549501151553,0.0019707169051716785,0.0018266976718415437,0.00037128521548613583,0.0019065908176565491,0.003053390967418028,0.0022468583697787025,0.000543500348204334,0.0007453601055855074,0.0003515199542908856,0.0003687267001188489,0.0005431558873793937,0.0005731839785473187,0.0004622158265190411
Control,CIII5,0.00044551777493446126,0.000397218969508947,0.0023055444469594713,0.0011891043161825587,0.0008248682851444426,0.00021335208536054173,0.0007665910546641218,0.0022400308109049747,0.0014350704663579964,0.00041888712282987307,0.0014434960585031984,0.0028000673226762393,0.0019317728876012783,0.0005097005295611412,0.0006803696110242308,0.0003746894847834216,0.0004469129434969462,0.0005063196699907806,0.000610240917805833,0.0004094821279388773
Control,CIII6,0.0011782056696107985,0.0008192698380566083,0.0035818226822630682,0.002470154150765441,0.0013122823683527375,0.00038081470541140067,0.0030587642017475738,0.0030901223662383585,0.002915346974504084,0.0009171019744492953,0.0031428220863040104,0.0041878964443719715,0.004008142887118096,0.0007301303315857834,0.0014719937339330953,0.0005895331079170672,0.0007170921320655546,0.001008005092957543,0.0008991067729388699,0.0008597454467295869
Control,CIII7,0.00012777370025020008,0.00013057632808761267,0.0007918490482377384,0.0005380495887940557,0.00023870490607216818,8.715213664494733e-05,0.0005948557613358951,0.000604119752056937,0.0005219059963709993,0.00014090410510346555,0.0006454675081400278,0.0007846808210863008,0.0008403910923515179,0.00017933856439775729,0.0002683396127989119,0.00015917179437810737,0.00011685169717863216,0.000202201564534913,0.00016783353377713536,0.00017650043726692396
Control,CIII8,0.00012873694299700468,0.0001178747063480024,0.0007293712022171072,0.00040468868250533095,0.0001617302098391409,3.757870420655299e-05,0.00035681972878235524,0.0003753704993225932,0.0004099716158941484,9.440452073632014e-05,0.0004883319109135152,0.0007851756980664333,0.0005904224128090523,0.00016156975331833121,0.00015507233116676583,8.680148093805163e-05,0.00010686992866071953,0.00011660429597363663,0.00010930725837790211,0.00016857037464309066
Control,CIII9,0.00011832131815538835,9.717934105855347e-05,0.0007581692683032411,0.0004691250536208971,0.0001776882546147718,9.635645573248801e-05,0.00046860222600258577,0.0006932453619259176,0.0003629243406358578,0.00010285859137352781,0.0005664444568619097,0.0007671854643180842,0.0007550737341868876,0.00016103645911775852,0.00018159458031761746,0.00010269108489656684,0.0001244128654475566,9.607505307555359e-05,0.00013746681318043414,0.00013270937183430353
HI,HI1,0.0002492458124371923,0.00024138667784233324,0.0012154928066530478,0.0008029160579618705,0.0003723001681794961,0.0,0.0004951821667958269,0.0005423947207503684,0.000519082286543184,0.00017987627280974136,0.0007015149854124565,0.0009165655362916338,0.0008229831076812925,0.00022852575967299135,0.00036931653048606964,0.00022813500415409278,0.0003051282084179581,0.00020561627286840007,0.0005249901496130972,0.00029927200354893795
HI,HI10,0.0016554159313688643,0.0010999777099488944,0.007985108345390965,0.005369113503371925,0.002510634969585186,0.0007277570686819125,0.003253735049730052,0.004604326060718422,0.004408177347219711,0.0012235565453918157,0.004941198611244404,0.004408177347219711,0.006474457980949196,0.0011896253497904246,0.0018991877850644526,0.001202321536706701,0.0011290325339792827,0.0018293080357966371,0.0019400320330094985,0.0022601635374467897
HI,HI2,0.0010135091644445317,0.0009384268952599691,0.004383495842485704,0.00329230688039673,0.001581650606639482,0.00044769718462050106,0.002503484859824304,0.003053190568812016,0.003353652723378372,0.0007731851459914793,0.0030856034348372995,0.003353652723378372,0.004877882363768245,0.0008750737187285016,0.0017265586393154018,0.0007868509819873293,0.0007607784068772418,0.0008645709457922225,0.0016436816220744392,0.0014369019461849043
HI,HI3,0.00029606661174682637,0.00021491184612358542,0.0011596160626456044,0.00098552307932347,0.00037815992156366884,0.00019476428768983912,0.0007139424168186317,0.000870223071407798,0.000860945245112811,0.00019595437805795812,0.0009341123832322807,0.0012271978760268153,0.001235395922011653,0.0003267438398543261,0.0004415862454321556,0.00017597445309551913,0.0002602829536283985,0.00030122400691632163,0.0005056390458462697,0.0004296674255610172
HI,HI4,0.0007252542713289177,0.000689808266455139,0.003918816019869925,0.0021165875416693934,0.001079322866617783,0.0003396192188869941,0.0014193830395741003,0.0020218650986672184,0.002015109952689276,0.0005095982028358599,0.002273730063512887,0.0020603087168747187,0.0028197576403563153,0.0007148670837762894,0.000991434566310165,0.00036384925747813296,0.0004591912885761781,0.0005501246798967143,0.0009195634808168793,0.0008914830953438841
HI,HI5,0.0016417549886746962,0.001341300905075616,0.007264701561076342,0.005265611846020162,0.001973334208823518,0.00044933201501804485,0.004397477239357646,0.004011507036512813,0.004696152084040979,0.001411785879163619,0.00577642203860528,0.004696152084040979,0.006527838308803733,0.001336407682452359,0.0018460482887805657,0.00132060502317382,0.0012315124517644081,0.0018162108051537906,0.0021753720964198357,0.0021249627549768282
HI,HI7,0.0024987484595993038,0.0015456898562593885,0.00863282883787498,0.005739460662861779,0.002971232930736597,0.0008109318645240685,0.00527647327783404,0.005158470589252526,0.003523342158477755,0.0018156928279968604,0.004992983601872439,0.003523342158477755,0.007007109683882419,0.0014646511455986954,0.0022517045161387617,0.0008409602002494539,0.0010849399746735075,0.0015388118700672734,0.0021621129319420425,0.002192450058438542
HI,HI8,0.0004198343024425586,0.00034265430578628704,0.0016235137322138566,0.0010731188481745396,0.0005378928347159234,0.0002475760280115872,0.0009799453754997705,0.0008752165721487465,0.0008840783180664595,0.00028684112706419865,0.0013649943449541963,0.002094838515576714,0.0016616132489925754,0.0004158821265345311,0.000514152829072565,0.00021443918277064446,0.00036326110450364226,0.00043079435626189045,0.0006806236350993854,0.0005569764212688665
HI,HI9,0.0003305813097958817,0.00030017167249886607,0.0016401547125698807,0.001385965086913415,0.000617952414126915,0.00018977917472417838,0.0008888587823130306,0.0010728921746347188,0.0009143531450863351,0.000324175181343109,0.0012630250908100568,0.0015526328595500804,0.0018528131864620197,0.0003254014096252983,0.0005588315675682351,0.0002465309127863576,0.0002882823702893986,0.00041918106849626164,0.0005777761769762129,0.00055884497924561
KP,KP1,0.0003231049256723187,0.00016562386572257883,0.0011756839136133537,0.0007089414417691048,0.0003856663012240532,0.00014414725118945112,0.00046923654694048324,0.0005514232381974254,0.0005272429049802723,0.00018580510156830258,0.0006152666337758855,0.0009798903828082068,0.0011901054128324198,0.00023361963876122007,0.00029408406597063625,0.00021173065791539426,0.00012843722027847167,0.00027272574481019673,0.0004507630831066239,0.0004941657321847003
KP,KP10,0.000781937055957472,0.00044405905639596235,0.00355976731486252,0.0022698330173261394,0.000786858661935225,0.0002714893416896309,0.0015431182261091898,0.0019874401056396867,0.0017318413989143662,0.00047433704275994274,0.002502259558488623,0.0032871766749147787,0.0030313164750021006,0.0006834027259425009,0.0010814392170551302,0.00043544132961362595,0.0005409057920345145,0.0007149981122770857,0.0007612579502940604,0.0009759196463004173
KP,KP2,0.0005224511629175669,0.00033026755831611136,0.0035726256412559306,0.0019069337363806752,0.0006357349614740273,0.00022546774625192741,0.001386436220710172,0.0013707528181609,0.0013175468870467069,0.0003576533010664514,0.0018017211634701448,0.0030985509177226755,0.002548715127111636,0.00031963171805875765,0.0009149790027741192,0.0005508661580604414,0.00034254914866291774,0.0003659599901125132,0.0006828995221728602,0.0007940988642542738
KP,KP3,0.0010657695845930136,0.0006798135477092162,0.006357050034263024,0.003639111793510999,0.0011992470648886629,0.0003907020700759973,0.002214764690837419,0.0030551444016522662,0.0023452171571132045,0.000671657247294873,0.0033031738233242243,0.003486626653113507,0.005670171183154215,0.0007368884563689028,0.0015514001722907154,0.0008433868424274609,0.0007758408699106987,0.0008363042935550557,0.0014658855240120843,0.0015419117728164762
KP,KP4,0.0013869570270403843,0.0008073604806078333,0.010634230375223765,0.004585864085552182,0.002162137190802718,0.00041659061719326497,0.004277169279382539,0.00407627173572008,0.0032457258760935754,0.000623427323275229,0.004796600819263885,0.007990977519339866,0.007931465033054298,0.0010459577311016626,0.003057628804053184,0.0013900952309985645,0.0010339619623626597,0.000784573306983099,0.00138032753127657,0.0015324611145951812
KP,KP5,0.0008752005592929475,0.0008163623296815874,0.006186274333303867,0.0031928840335566254,0.0017045377157715693,0.000715339076141666,0.0031119004146423434,0.0029089990457386574,0.0025102877403980163,0.0006545975915077389,0.005151899824441355,0.00668025702357793,0.0054197586671779025,0.0007617946747447865,0.0022971996435438213,0.0009852105963865337,0.0007067746442551586,0.0006984472300484494,0.001572777431543803,0.0018076732594286757
KP,KP6,0.00027762546439328174,0.0002636157855409634,0.0019850909492283558,0.0009137360143183037,0.00037016565263625883,0.0001293889877376523,0.000660512712146626,0.0008981196487015256,0.0007572685177750353,0.000217882261014622,0.0011762774297991213,0.0015954106079209527,0.0013827112321950217,0.0002859882097846981,0.0006236855025301229,0.00022429282070558177,0.0002454386012180837,0.00033619094819440634,0.00048469926779902363,0.00048455501126893567
KP,KP7,0.0004439828881276371,0.00026599257841346946,0.003114546920653338,0.0016381209812304628,0.0006716558087587914,0.00015984610199326139,0.0007512868786027595,0.0009637188322608033,0.0010371796708612021,0.00029689378560371463,0.0014434373162238614,0.002247512915682715,0.00158214013705957,0.0003266564899421633,0.0006972970639745505,0.00032909189779718495,0.0003754496393262862,0.00032435219949439363,0.0005335520125289403,0.0005348877694320548
KP,KP8,0.000675633766465487,0.0003243357333693442,0.004158222279400307,0.0018301342991799562,0.000782162727740103,0.0001868096060842565,0.0010362011219622596,0.0013875363427989333,0.0014669172555500576,0.0003465246699003816,0.0020971434290409053,0.002867841210278906,0.0029308223099157715,0.000583000897957097,0.0010785239664768745,0.0006493412585669354,0.0004971382603240097,0.00043181507940119216,0.0007393722440493133,0.000879586261596238
KP,KP9,0.0007728222589374749,0.0006204089617483121,0.004059441743656487,0.002053140687038966,0.0009821007658031907,0.00019720533581767837,0.0010319975623141033,0.0012918286957116823,0.0012905518329539845,0.0002812021521560559,0.001863150902086827,0.002412243877510573,0.0023221906077397114,0.0003305228728963153,0.0010517820344922236,0.0005250555094398219,0.0004640367657530398,0.00045851375332196185,0.0006074152604979132,0.000759191278364719
PA01,PA01,0.0030944848411248124,0.003393303507968529,0.007538674265418377,0.006894721159260971,0.005964065125898809,0.0016919598817099432,0.01743513938232194,0.006680901830255427,0.007611280730465593,0.002479282476455084,0.009902810164558419,0.011812810550466705,0.02390239129953916,0.0024114092593481417,0.005378459195665147,0.0031737538303872716,0.0024555834822686754,0.006941224793979946,0.011579919593677756,0.011116162751608552
PA01,PA02,0.002773216378259485,0.0028017207777252255,0.005354849015131088,0.006492553387801111,0.004141874946255947,0.0015146815607927362,0.009484470805686528,0.004492609049175125,0.005943375496690317,0.0021622218896222485,0.0075596540696541,0.009752327171128412,0.017344983887777804,0.002019208153737316,0.0035182502701653546,0.001836128608603819,0.0022410438859957155,0.0045919833470454575,0.006868226987355729,0.008544233621384711
PA01,PA03,0.002253898004836199,0.0032026014302706613,0.006519026513437491,0.004963161420354319,0.0031213732293939454,0.0012204456816402951,0.010962142732341229,0.0052010996694034405,0.004899743018146993,0.001513531168248039,0.006240339189669348,0.009175516514505743,0.015844216962411277,0.0018277509383679248,0.003250608298798103,0.0015734721683138624,0.0015227649755395352,0.0036122121120073522,0.006606439337483209,0.008534629859716533
PA01,PA04,0.0036237282157476508,0.004278963570011964,0.008612583885071511,0.007643101900937738,0.004714077577239477,0.0014179578280942246,0.015402839002766067,0.005889599529954068,0.007441433613975482,0.002546805248427587,0.008637079257506402,0.01563118672033527,0.022875941575003247,0.00367035136180352,0.0053224994467851875,0.0024624903010911432,0.0028113817821177516,0.005179411563358416,0.011501021501392596,0.013542600111995174
PA01,PA05,0.004217855441749876,0.003686771405698788,0.010749007963599138,0.007760695333234107,0.00567333902673003,0.001669139440955189,0.009613938549354408,0.006065025567729198,0.005283757851259678,0.0022549531631311523,0.0068248982969218094,0.010532389140400143,0.018000734225417377,0.002121844300528568,0.0035809786252758873,0.0023394117451687457,0.0018851814359633623,0.004166333599377236,0.006845710662312648,0.005671369227438964
PA01,PA06,0.002833599095308009,0.0024768924184827338,0.006218555003261106,0.005443400864495789,0.0040151507913258975,0.0017949989866291032,0.009527973861054272,0.0042689739455217795,0.00483201279616022,0.0017715120744330633,0.006176236677342833,0.0137397256625202,0.018858634065305184,0.002917464079417437,0.003000451893526499,0.002302338045226973,0.0019625465569955134,0.004224133584373835,0.009015342510696365,0.009663332827512023
PA01,PA07,0.0031056026429220427,0.0026669596690244825,0.005653146004981372,0.005237516645817123,0.0038097290811886365,0.001478468947740295,0.010514603275093678,0.004287573897946117,0.00430615748741836,0.002208159333188582,0.0072982876405289715,0.012400962137884082,0.018406808575649233,0.002636427230443228,0.0036512474452222335,0.002158026370247014,0.0024172002892745596,0.004785818261269869,0.008548987782043754,0.00793441215357431
PA01,PA08,0.002153455192242997,0.001906081232787614,0.004976516191882911,0.003578692388126768,0.0028280806293934178,0.0009939096968957259,0.012121683773686978,0.004040579935122026,0.0054308382007961405,0.0019060306113773081,0.006442669628060776,0.0066541304300679885,0.021345797475947788,0.0015930555164779634,0.0026120288938737755,0.0019281694306080223,0.0016387378152072714,0.004076620643941024,0.007068246334417069,0.0075945572977297315
PA14,PA141,0.004152634005295675,0.0037880136405564965,0.006708884051676852,0.005621366582343763,0.0033333763624561886,0.0021335432485423697,0.009732092658383667,0.005771146319424658,0.006173274964372498,0.0020714888509912295,0.005921588896416875,0.012820515930599423,0.02071497395207939,0.002590315671548883,0.004339537513011012,0.002561241156390593,0.0032584444093756776,0.006026140350661441,0.01365669686643498,0.010539884857160921
PA14,PA143,0.004605695681368663,0.0051703624695467075,0.01081754749573811,0.00643972027546961,0.005332985441180984,0.0015509613586560352,0.005029691663692696,0.005443921210467478,0.005759567512451857,0.0021564906884889725,0.006323202517459124,0.008515061944770468,0.01613211086544698,0.0014888792528143682,0.0035355280281749763,0.0021429211354773493,0.0028836576552765873,0.004802789320694403,0.010370101683643046,0.008990077817958542
PA14,PA144,0.0007841156049736095,0.0009107179595497279,0.0017441743251924012,0.0014029930164285065,0.0010053415743251526,0.0004308741079816676,0.0017624938621165218,0.0013181233311569717,0.0012731680660930528,0.0005285045789881606,0.0015518388499554038,0.002460256648053632,0.00404563387064092,0.0006606779566887874,0.001016424972998308,0.000496266709055285,0.0006692532020563983,0.0014445773980742355,0.002416034016548165,0.0022028001994102804
PA14,PA148,0.006581896203662285,0.006536129613219113,0.016500664796376907,0.01082171746017741,0.007030204817947169,0.0025997162561488102,0.008334835111822498,0.006202598188813715,0.007637649910730502,0.0024346186331405894,0.008193850402946337,0.012954423819341181,0.023520116178624928,0.0027334316065818804,0.005102757239247016,0.003723945921176044,0.002578495233427548,0.006314238431906902,0.012029235487490767,0.0093215119842245
PR8,PR81,0.002967867932397644,0.0034809858347715555,0.013827589329463564,0.009383207869907326,0.0037139045798368782,0.0020014803053325704,0.011243385961616106,0.007828267544128638,0.00692468743788263,0.0022367055457298024,0.01109928025287964,0.00692468743788263,0.024017404913801926,0.003281782173593147,0.00543346896472327,0.0020687124567509247,0.0032797850370125175,0.006553657447774024,0.009977844663794684,0.009528114646923096
PR8,PR810,0.001548817817578208,0.0009777226962236775,0.005785302899218838,0.003596759898949163,0.001968315556206978,0.0007010175139604439,0.0023059104557534406,0.001949107446931655,0.0029214480313915028,0.0008238327146271144,0.0036379277163035746,0.0029214480313915028,0.005062338386559079,0.0009119560697982807,0.001337185659840844,0.0009249734938365127,0.0007854548440444893,0.0016757588912569117,0.002576098003335569,0.0026089784245578768
PR8,PR83,0.0034574563135655817,0.0030934873386770883,0.016146942823331113,0.011761993720222108,0.00449422247628604,0.0020736815820679264,0.012709850762744895,0.007621087533520968,0.007592383222253668,0.002515448331882307,0.01023385962254708,0.007592383222253668,0.020481348049765914,0.0029019479765990505,0.0043145708558184155,0.0022385161303685322,0.003054874494443097,0.00611167203058726,0.008780760402572486,0.00826487202517828
PR8,PR84,0.0025141040793690422,0.002131952734934422,0.010507673292244678,0.006950375571570933,0.0032618548452181466,0.0009737408166761661,0.006668966316753464,0.0051232848414141255,0.0052343332258027115,0.0014888957868249655,0.006130579240728137,0.01024738851719477,0.012111490176748145,0.0018203859615634642,0.0034370863691373403,0.0017236758040366335,0.001622169961206246,0.003203361253595589,0.004849228140781766,0.005063064875602232
PR8,PR85,0.004476254310848878,0.004118568140747174,0.018290531019212172,0.010602139040141916,0.005247604819451495,0.002453880426713129,0.013046206540672543,0.009056132511557275,0.007203116385895948,0.0032698149362216126,0.01071394925739112,0.007203116385895948,0.021652812332376776,0.0038975530807026752,0.006012941812607811,0.0028097115445540697,0.0036919392728705022,0.006190419386032982,0.010414568393781985,0.00931173424136668
PR8,PR86,0.0045745928431424,0.004590308200458508,0.019723944476033987,0.014691963812675343,0.00744366556085209,0.0031288862214030656,0.017834832579272486,0.011055342533037369,0.01067046952132733,0.004484478238475587,0.013854733720880625,0.01067046952132733,0.023121910928409373,0.004551987817353724,0.007209396867904652,0.00350190203400412,0.0042243751023730005,0.007678297581378074,0.010328767855354805,0.010734361030941546
PR8,PR87,0.0025199825608051485,0.0021428971551058973,0.014973510971078744,0.009710455107492414,0.0038891635524762515,0.001289164545679513,0.006343162041591289,0.004738597609165467,0.006228948624637413,0.0017746082405625343,0.008827716310917303,0.006228948624637413,0.015470866552491143,0.002294521284782965,0.0033594552055717735,0.0015979990251761675,0.0023402200693420716,0.004416472257851882,0.005761652693407248,0.007160543822051484
PR8,PR89,0.0009670912166575099,0.0010421068663971716,0.004250361256938827,0.0031013684836290094,0.001679291987292924,0.0008617235815326872,0.0021038508346030407,0.0015560284523639804,0.0017041840829805843,0.0008719111241340396,0.002466845306833321,0.0017041840829805843,0.002922566952246223,0.0006603308557220352,0.001551599074315912,0.0006781116752986087,0.0006009375335452,0.0008965044126804148,0.0012207829965121524,0.0007683009334543175
PVM,PVM10,0.0019837624279694724,0.0017140841076912663,0.014468516553021853,0.010916045475114869,0.0031301654005601374,0.0009926555804263772,0.016295775900661176,0.0050087996207352405,0.007372126578081424,0.001566802792574963,0.0073677503858449915,0.007372126578081424,0.014573321323039465,0.0017955234181436617,0.002423324308327113,0.0015995922750910207,0.001907163565432973,0.0025350827462125637,0.0038861479204516424,0.004555010225048497
PVM,PVM2,0.002484907471531901,0.002514258344891843,0.02391217176458515,0.014744664400477583,0.0029717157378237576,0.0010160582895419005,0.011383658463050783,0.005410575349814835,0.007140541132452223,0.0015507729963018162,0.010444450693970275,0.007140541132452223,0.014750304099930662,0.0021167412267127433,0.0028756631378676623,0.0012094145627699411,0.0015966339115830854,0.002702292773731095,0.005724401717595401,0.005407866016668304
PVM,PVM3,0.003718297048039077,0.002905883217501078,0.03474971136192601,0.021972331352081802,0.00494633319706315,0.0017976415891895162,0.042457183218348474,0.01002989866947,0.013277646411659148,0.0029284461514786763,0.019110332025314102,0.013277646411659148,0.03457053978811297,0.003474411716731039,0.004378753867531132,0.001995361681824806,0.0021858961117718584,0.0035153049031194355,0.006681042349811767,0.006024759819837607
PVM,PVM4,0.0035227002556914373,0.002840953095973322,0.018758794586179343,0.011408550800686703,0.005990238352202789,0.0015586988093731773,0.02255987267758655,0.008134563517429966,0.009981535266558938,0.0028886022263586416,0.015825592263524327,0.009981535266558938,0.020175544746845533,0.0031827319705643666,0.0045245757701827816,0.0015179535366655218,0.0026344021181535183,0.004681040416127097,0.006291827257179727,0.006060260681583838
PVM,PVM5,0.002780631997069582,0.0019939286146512317,0.020217628017045814,0.012008695493912737,0.0029616149053423666,0.0010026661172442136,0.021605349843855277,0.005646627178464969,0.006607796359869301,0.0022846302448615062,0.008531343154699776,0.006607796359869301,0.01178301762807956,0.0019163651255751529,0.0021819552164074815,0.0009486577666092321,0.0011215804210219296,0.0018150425075847106,0.003019946513015588,0.002515820196564644
PVM,PVM6,0.004755718488616316,0.0038413391216704142,0.014022082473049265,0.012941903779063587,0.005424998307634105,0.0029110506696646025,0.02082908776175739,0.010589204265884009,0.010438653618280913,0.0037020045940956946,0.013632320765740858,0.010438653618280913,0.026865683243485643,0.0031738360716151584,0.007707631597587597,0.004907853165597616,0.0041599897017572445,0.007072053625268349,0.007820906039941535,0.008564224060074453
PVM,PVM7,0.002668497488051964,0.0024395010989873797,0.01498310245995899,0.010373607851907551,0.0028628046233200094,0.0008293181077621973,0.01912755734888499,0.005035090904837751,0.006856957215895857,0.0014015641392113587,0.010628460883993471,0.006856957215895857,0.015638588742168027,0.001767904755126934,0.00308213531476958,0.001653946608724661,0.0017622055346212123,0.0033237963358088937,0.003935132044097879,0.004732836398980485
PVM,PVM8,0.0026011042542831223,0.001612664121229844,0.00987203571580523,0.007544768700227101,0.0024997336937750817,0.001086400786510186,0.011638215242419713,0.005339962557457935,0.006104841240796321,0.0015306479164602558,0.007460361260612252,0.006104841240796321,0.01211018505772105,0.0015683791662919814,0.002933760341346749,0.0011460062801009335,0.0016229461784238984,0.002253123351316917,0.00278932598452227,0.003336054515126778
PVM,PVM9,0.0029397358428297515,0.003596473591012554,0.008836239200472367,0.009682359907289374,0.0039033428342991846,0.0019133786233608307,0.022566275058694813,0.006265033704789465,0.007209314477485355,0.0027540946687269123,0.01427371302825188,0.007209314477485355,0.03149863986924627,0.00269807787897495,0.005584367322047849,0.002720719344983095,0.0028923820802022695,0.006200708603220319,0.007414359036425795,0.007760935509383346
SA,SA1,0.0005346807448945209,0.0008374589057337031,0.0021956519437818056,0.0018522335006813824,0.0008241821908626879,0.00026255824083291256,0.002456578246588289,0.0018985960085641557,0.001572461900901079,0.0005244554085323137,0.0017374497670905342,0.0018989060453250067,0.0038597647686093545,0.0004386988430642055,0.0007662893485353063,0.0006907535005845389,0.0005867817264353924,0.0009283620427088597,0.0018571804459501682,0.0019209611110633633
SA,SA10,0.000786298655124078,0.0007825133457173722,0.0017301427692276987,0.002116316602631796,0.0009143451438450025,0.00036678875639795366,0.002226731581367306,0.001634302414314041,0.001714462483788534,0.0006492418828625053,0.0017325374439809765,0.0018055538102786243,0.004617587889570232,0.0006183684176554217,0.0010702947662702303,0.0003566244819027032,0.0006429302435183723,0.0015842442979904872,0.002185639864033736,0.002576160352755909
SA,SA2,0.003574665851541247,0.0035172344653858975,0.009571918197309839,0.007695095691250596,0.003653312290398197,0.0011627451265817824,0.011261847541151927,0.005948750730006241,0.0074648553651675414,0.0025365835084753263,0.008189004164901034,0.0074648553651675414,0.01791879242326584,0.0031063122908314405,0.0033258793562437983,0.0021888496282151323,0.0022373873255489224,0.004035279307154449,0.007628102427207289,0.00781886254647429
SA,SA3,0.0014481724539401174,0.0015432394234367723,0.0044650824965812835,0.0034263333543212925,0.0019768155020309405,0.0004161203235172593,0.004473489242792636,0.0029410378827074263,0.0028423526199345284,0.0011606011674259082,0.003499736504163249,0.0028423526199345284,0.008683048053666879,0.001106930268473173,0.0016697825015260534,0.0010759186035581192,0.0010812085723462246,0.002048978723456586,0.0034646439326164406,0.003580593776226577
SA,SA4,0.0006878093348304707,0.0007078779866268836,0.001837634871673296,0.0016147377642899876,0.001061733442105535,0.0002761161356640491,0.001614521935267738,0.0013092154620499643,0.0014515857726361465,0.0005606871398346323,0.0018052970997247855,0.002367738911444336,0.003960709967477106,0.0005545064371368427,0.000649566515301236,0.00042781824155948287,0.0006709852570048793,0.0011274809413772875,0.0017315862443768309,0.001739540485753394
SA,SA5,0.0019403827458557834,0.0019215964084831395,0.0077707410974295005,0.006984204666406604,0.004453501510118925,0.0008365292774609518,0.003908280884695934,0.0050709502725747625,0.004791367385365508,0.002690733056197919,0.0054162400814579195,0.004791367385365508,0.01016728507076744,0.0019054808667832927,0.002125372043269443,0.0014379846467084745,0.0014322383752383714,0.002418468202014637,0.0034510815860240643,0.004723832872416567
SA,SA6,0.0010399105678622071,0.0012435248264903115,0.003871846380826139,0.003111634717162322,0.001713157092822356,0.00033426234996791933,0.004403205062752093,0.002544828733984017,0.0034389777627028984,0.001057017941426334,0.003287115152710468,0.003083675497908102,0.0054172611875690675,0.0009193946044235099,0.0008080290869571748,0.0005224450307331781,0.0009038247622273456,0.0014830943242464378,0.0021728940879366383,0.0028635285633096153
SA,SA7,0.0003153089610112645,0.00033852031134564624,0.0009874547371065611,0.0008995529446979853,0.0004660663866859898,0.00019871923355567776,0.0008109083130267794,0.0007933298626827514,0.0007093430784637642,0.0002692917939388573,0.0009084493499469229,0.0011471733572983173,0.002014609559968084,0.00028288039185722283,0.0003799978661078252,0.0001651893767488216,0.0002708591805113454,0.00048495827128033523,0.0009131643169850666,0.0010810877958145626
SA,SA8,0.0003214980207162007,0.00036871776950787036,0.001374364273082803,0.0009875374521682162,0.0003828304448594665,0.0002328939073454274,0.0008698670240828467,0.001052764009903084,0.0008197297554439259,0.00027485610952189223,0.001025471313171172,0.00159095186336466,0.0018890446341590628,0.0004041818356685183,0.0003689127890617898,0.0002102048147277081,0.00030907558302894074,0.0006332459774694838,0.0009122871100668711,0.0009553585493086528
SA,SA9,0.0020558818527857204,0.0019155020677844063,0.007232589458586243,0.007314897541752442,0.00313466312974053,0.0009272399695876757,0.004467311714255649,0.004097653302651121,0.005823634674438629,0.0013048254166341678,0.005932731572528614,0.005823634674438629,0.0096560454768725,0.0015345655555573945,0.0023764190546240174,0.0013929753366138757,0.0012558895214096959,0.002076413219881391,0.003175812438123057,0.0034781014574091097
SP,SP1,0.0020675285378668282,0.0024891826722251795,0.0179463668215532,0.013273995524440498,0.003355077270479101,0.0012284294766639159,0.00731572041840756,0.006674048334272045,0.006429713423048062,0.0020897913649551587,0.009221840291344083,0.006429713423048062,0.012240864898540671,0.0017141041052803664,0.002313037588385974,0.0010954512347257888,0.0016303448328951876,0.002149616285986127,0.0033283332538996194,0.003472394874388887
SP,SP10,0.0006885880310697099,0.0005346108019446432,0.005578409932750347,0.0038390589132788347,0.0012131874842579479,0.0002915641631739897,0.001265337726431865,0.001485636848630504,0.001970619541828337,0.00047289655695786264,0.0019053866009301403,0.0026563637807689162,0.002997239433346108,0.0005901314092078577,0.0006336721654071617,0.0003169954542128776,0.0004411693637542056,0.0007013884704197304,0.000977075106739306,0.0011418594253561369
SP,SP2,0.0008602792989861375,0.0007467040154950645,0.009352898487255323,0.005225536428372053,0.0017500943760800902,0.0005199253352801999,0.0023355933620302026,0.003264033597077308,0.003252384882517418,0.0009851517534225592,0.0038066685850916067,0.0034897220601068854,0.004055633385539693,0.0008680236613442067,0.0012543296072551858,0.0004999618232808864,0.0008168542204191744,0.000994684451025171,0.001526073237399236,0.001236338170578744
SP,SP3,0.002030124111577359,0.0013277029073915669,0.017955233470324742,0.01032483882514001,0.00344731883502614,0.000932010091158591,0.004876626234387362,0.006024977021518235,0.006494556862650728,0.0015503887203637612,0.007139279633148592,0.006494556862650728,0.009672491416083414,0.0027174557673836897,0.0025061952043474874,0.0011534210200892883,0.0013084071381191935,0.0020316899690790576,0.003153639719476504,0.0037482333515050886
SP,SP4,0.00031399462978665257,0.00043183482467775287,0.0025141770296888445,0.0017365602015645082,0.0006619031055981431,0.0002492690852452078,0.0008960635320703437,0.0010263018073188369,0.0013024385839473652,0.00034648075265031824,0.0014189638140950779,0.0013566567236824789,0.00167420380901867,0.00037247381755343376,0.00040473296571885004,0.0001887878591415104,0.0003190659049046236,0.0004846836188693585,0.0005712234008730109,0.0008363693340894326
SP,SP5,0.002585969190095596,0.0022028502317296876,0.02408003124836279,0.014831261817874898,0.004020995298170476,0.0007115095419227622,0.007584892614909015,0.0070364122722687186,0.008124084871790232,0.0027601332906106325,0.009394285595122806,0.008124084871790232,0.014167115021435382,0.0021852419473035447,0.003216661363602224,0.001700763644684189,0.0019384688548721848,0.002819778416993687,0.004337262694811183,0.00467784964399447
SP,SP6,0.0006863442156057749,0.0008600130449362656,0.007774247300746007,0.005324231862796001,0.0010692779381149056,0.0005394716362524761,0.0013023460927936738,0.0019825035777259843,0.0023120822322522682,0.0007118876442154658,0.002968449301484543,0.0023120822322522682,0.00303307022869476,0.0005449944914386972,0.0012199670558872536,0.0003084164162098227,0.0006267152155253707,0.0007681044105487842,0.001088797715963391,0.0015083908170083597
SP,SP7,0.0001995397860214753,0.000116996105563935,0.0017246609551963181,0.0010329845307356486,0.00030534244846008933,9.002316756227753e-05,0.00036703513612551005,0.00055910451584726,0.0006710143711789858,0.00012611277528210688,0.0007710291302228954,0.0008327227020399558,0.0009310728735760468,0.00016370752748442002,0.00032631213142638344,0.00013109995645525424,0.00011859230548488343,0.0002477405739907446,0.0002560756988337635,0.00032143720710919155
SP,SP8,0.0003154665007128447,0.00021256044633732413,0.0021968926003399533,0.001838050431061064,0.00046942570757665605,7.20579491388587e-05,0.0003461924862034013,0.0006924008235455693,0.0007974554396028604,0.00016884865131881746,0.0007804719516263205,0.0008577333964770485,0.0012318692216994657,0.00016187777669279991,0.00028565893242573845,0.00014447099997144406,0.00013205956729418376,0.0002475970988506821,0.0003466907692405333,0.0004596269864171842
SP,SP9,0.0005458885693783691,0.00042452669445652174,0.005332679021852885,0.0038910085287486057,0.0008947939979049222,0.00026215065298037426,0.0008793581694595961,0.0013460266111362574,0.0015382620201858381,0.0004427693234143589,0.0017831586031996482,0.0016341468609540756,0.0025322044117725385,0.0004246033256594137,0.0005503767471539049,0.0003189563771850044,0.0002705255995583046,0.0004896191636875078,0.0009194179534018793,0.0009163519665911578
